"Validation Configuration ID:1","Instance","OverallObjective","Run #1"
"","no_instance","150.817966","150.817966"
"","Overall Objective On Test Set","150.817966"
